190310 080315   5.7 -11 -0.12 18100999 R8OD          NO14
190310 080315   7.6  -9  0.07 18101521 4S7AB         NJ07
190310 080345   4.2 -13  0.05 18101522 4S7AB         NJ07
190310 080300  15.7  -1  0.47 10136498 UN7MAU            
190310 080300  56.3  14  0.03 10136581 II1IGG            
190310 080300  40.4   2  0.10 10136653 EA8JK             
190310 080300  41.3   9  0.05 10137101 F5UJQ         IN94
190310 080300  11.4  -3  1.52 10137185 SV1NK         KM17
190310 080300   3.0 -11  0.08 10137262 UN7FU             
190310 080300  95.7  11  0.06 10137368 YO3IAI        KN34
190310 080300   4.2  -8  0.07 10137444 OE4KSF        JN87
190310 080300  15.0  -5  0.05 10137669 SV2CXW        KN10
190310 080300  30.2  12 -0.56 10138062 F4BPJ         JN03
190310 080300  90.0  21  0.49 10138181 F6EXV             
190310 080315  14.0  -3  0.08 10136753 F4GYE             
190310 080315  18.2   7 -1.41 10136999 UT3SO             
190310 080315   2.5 -11  0.02 10137271 MM0VPY            
190310 080315   9.7  -5  0.03 10137364 IK3GEP        JN65
190310 080315   8.0  -7  0.10 10137523 M0TRJ         IO81
190310 080315   5.1 -11 -0.19 10137591 SP6IXF            
190310 080315   7.8  -2  0.10 10137732 IS0KNG        JM49
190310 080315   4.9 -10 -0.09 10137809 G0JHC             
190310 080315   1.7 -10 -0.04 10137877 UR5FQB        KN56
190310 080315   5.9  -6 -0.03 10138012 OM5CD         JN88
190310 080330 130.0  18  0.02 10136581 II1IGG            
190310 080330  15.7  -1  0.10 10136652 EA8JK             
190310 080330  26.3  -1  0.23 10136752 EA7GXD            
190310 080330  25.6  11  0.12 10137101 F5UJQ         IN94
190310 080330  18.4  -2  1.49 10137185 SV1NK         KM17
190310 080330  33.0   7  0.12 10137368 YO3IAI        KN34
190310 080330   2.1 -11  0.08 10137444 OE4KSF        JN87
190310 080330   5.3 -12  0.05 10137669 SV2CXW        KN10
190310 080330   1.9 -14  0.21 10137957 JR7TEQ            
190310 080330  40.1  10 -0.56 10138062 F4BPJ         JN03
190310 080330 246.2  19  0.29 10138181 F6EXV             
190310 080330   4.3 -11  0.13 10138589 EA9ACF        IM75
190310 080330   8.5 -10  0.10 10138894 JA0EOK        PM85
190310 080345  18.9  -1  0.07 10136753 F4GYE             
190310 080345   5.0  -9  0.10 10136917 OH8MXJ        KP23
190310 080345  20.7   1 -1.44 10136999 UT3SO             
190310 080345   7.5 -11  0.22 10137168 EW6CM         KO45
190310 080345   2.3 -11  0.03 10137271 MM0VPY            
190310 080345  12.3  -7  0.03 10137363 IK3GEP        JN65
190310 080345   5.0   3  0.08 10137732 IS0KNG        JM49
190310 080345  40.7  -3 -0.09 10137797 RZ9U          NO35
190310 080345   2.7  -7 -0.04 10137877 UR5FQB        KN56
190310 080345   4.7  -5 -0.02 10138011 OM5CD         JN88
190310 080300   3.1 -14  0.11  7074195 DD1JD         JO31
190310 080300  10.4  -1  0.62  7074731 M1BMW         IO92
190310 080300  32.9  -3  1.19  7074800 IW3AGO            
190310 080300  74.0  24  0.01  7075075 OM5CM         JN98
190310 080300  33.6   6  0.12  7075213 HB9CXK        JN47
190310 080300  29.4   3  0.03  7075296 DL1SL             
190310 080300  10.7 -10  0.05  7075434 DL1FYV        JN59
190310 080300   5.5 -11  0.54  7075487 DB3JK         JO60
190310 080300   2.6 -19  0.15  7075560 R2ANX             
190310 080300  13.8   9  0.12  7075693 HB9DGZ        JN47
190310 080300 116.9  -1  0.02  7075794 RX3DPK        KO85
190310 080300   5.2  -7 -0.92  7075907 HA1RB         JN86
190310 080300  22.3  -5  0.13  7075946 EA2DUS        IN93
190310 080300  49.7  10 -0.85  7076047 R3AT          KO85
190310 080300  60.5   9 -0.03  7076272 DC1VKR        JN39
190310 080300  61.9   4 -0.30  7076387 OK5CW             
190310 080300  23.8   6  0.06  7076467 OH1EDK            
190310 080300  18.8  -6  0.01  7076741 PD0HLA        JO22
190310 080315   6.7  -3  2.16  7074327 IZ5CPK        JN44
190310 080315  47.8   2 -0.06  7074449 HB9STJ        JN36
190310 080315  11.5  -8  0.10  7074635 DG3KBQ            
190310 080315   7.2  -1  0.34  7074821 G4SBC             
190310 080315  52.1  19  0.01  7074903 M0ABG             
190310 080315  16.5  12  0.00  7074995 EA3KU         JN00
190310 080315  23.8  -1  0.18  7075160 UR7UB             
190310 080315  34.3   5  0.10  7075274 PD9MK             
190310 080315  12.7   1 -0.12  7075333 IN3HBF            
190310 080315  37.8  13  0.04  7075488 G3PXT             
190310 080315  16.1  19 -0.56  7075783 DL5RDQ            
190310 080315   6.9  -6 -0.38  7075993 RA3AL         KO85
190310 080315   8.2  -6 -0.29  7076196 OE6MMF        JN77
190310 080315 449.0  22  0.02  7076387 ON4UP             
190310 080330   3.2 -11  0.06  7074195 DD1JD         JO31
190310 080330  59.7   0  0.02  7074325 M0OBL         IO92
190310 080330  19.6  -5 -0.22  7074604 IN3DNS        JN55
190310 080330   5.8  -1  0.03  7074689 IW0QOX            
190310 080330  23.7   3  0.61  7074731 M1BMW             
190310 080330  41.2  23  0.00  7075076 OM5CM         JN98
190310 080330  17.3   6  0.03  7075296 DL1SL             
190310 080330  12.6  -8  0.53  7075488 DB3JK         JO60
190310 080330   4.7 -12  0.05  7075560 R2ANX             
190310 080330  13.4  14  0.79  7075664 DD7GU         JN39
190310 080330   4.1  -7 -0.78  7075746 YO8CGR        KN27
190310 080330  45.7  -1  0.10  7075794 RX3DPK        KO85
190310 080330   4.6  -8  0.27  7075945 EA2DUS        IN93
190310 080330  22.4   8 -0.84  7076047 R3AT              
190310 080330 219.4  10 -0.46  7076272 DC1VKR        JN39
190310 080330  54.6   7 -0.30  7076387 OK5CW             
190310 080330  16.3   9  0.06  7076467 OH1EDK        KP01
190310 080330   9.4  -7  0.02  7076741 PD0HLA        JO22
190310 080345   6.9  -6  2.13  7074327 IZ5CPK        JN44
190310 080345  40.1   7 -0.06  7074449 HB9STJ            
190310 080345   8.7  -2 -0.76  7074799 KD2RAN            
190310 080345  14.3  14  0.01  7074902 M0ABG             
190310 080345  18.7   9  0.00  7074995 EA3KU         JN00
190310 080345  28.6   2  0.18  7075160 UR7UB             
190310 080345  38.6   7  0.10  7075274 PD9MK             
190310 080345  53.0  13 -0.01  7075488 G3PXT             
190310 080345  15.1  19  0.25  7075783 DL5RDQ            
190310 080345   9.0  -8 -0.37  7075992 RA3AL             
190310 080345  12.1   2 -0.26  7076195 OE6MMF        JN77
190310 080345 103.0  16  0.09  7076272 UB1WBQ        KO47
190310 080300   2.3  -9  0.08 14074004 UA0NL         PN53
190310 080300  61.4  15  0.74 14074743 RA6ALF            
190310 080300  11.0   7  0.20 14074836 R9AXX         LO94
190310 080300   4.0  -6  0.01 14074884 IT9NKT            
190310 080300  57.0   8 -0.34 14075019 EA7TG         IM87
190310 080300   6.5   1 -0.01 14075080 RW6B          KN93
190310 080300  14.8  17 -0.01 14075158 RA6FC         LN13
190310 080300  13.5   4  0.33 14075240 US2MA         KN98
190310 080300   1.7 -17  0.28 14075566 EA4EQ             
190310 080300  10.5  -6  0.02 14075696 IZ6CLN        JN62
190310 080300  32.3  16  0.12 14075903 SV3GLL        KM17
190310 080300  11.0  -5  0.22 14076143 RU9CK         MO06
190310 080300   4.2 -12  0.06 14076258 RW0SR             
190310 080315  19.0   8  0.25 14074235 R0AX              
190310 080315   4.7 -12 -0.11 14074633 UA9CC             
190310 080315  44.4  10  0.12 14074938 SV1LJG        KM18
190310 080315  27.5   2  0.41 14075214 R6FX              
190310 080315   2.9 -12  0.41 14075328 BD0AAI        NN33
190310 080315  34.1  15 -1.23 14075484 CT4KG             
190310 080315   5.1 -11  0.14 14075701 R4ADI         LN28
190310 080315  25.2  17  0.37 14075800 RA9SCU            
190310 080315   2.8  -7  0.12 14075887 YO9HP         KN35
190310 080315   3.7 -14  0.24 14075996 JH5MXB        PM63
190310 080315  28.1   3 -0.24 14076144 RV6LCY        LN08
190310 080315  24.3   8  0.07 14076218 Z61DX         KN02
190310 080315  33.6  -2  0.75 14076310 YO7FJK        KN24
190310 080315  18.1  -5  0.33 14076457 UD8D              
190310 080315   7.6 -10  1.24 14076516 RV6AGB            
190310 080315  51.1   2  0.06 14076732 YO7YO         KN25
190310 080315   2.8 -10  0.13 14076788 RA9UCN            
190310 080330   8.7  -9  0.26 14074387 IU7GTP        JM99
190310 080330   2.6 -14 -0.24 14074567 IZ8EDI        JN70
190310 080330  45.2  14  0.74 14074743 RA6ALF            
190310 080330   9.2   1  0.20 14074836 R9AXX         LO94
190310 080330   5.3  -8  0.01 14074884 IT9NKT            
190310 080330  17.5  19 -0.01 14075158 RA6FC         LN13
190310 080330  10.6   1  0.33 14075240 US2MA         KN98
190310 080330  24.8  15  0.22 14075323 UB6HHY        LN05
190310 080330   7.7 -11  0.32 14075565 EA4EQ             
190310 080330   9.3  -9  0.02 14075696 IZ6CLN            
190310 080330  30.1  14  0.08 14075903 SV3GLL        KM17
190310 080330  12.1  10  0.12 14076130 RU4HD         LO43
190310 080330   3.5 -14  0.07 14076258 RW0SR             
190310 080330  11.0   4  0.00 14076390 RW6B          KN93
190310 080330   3.2 -10 -0.05 14076439 JA4DEY        PM64
190310 080345  47.9   9  0.30 14074235 R0AX              
190310 080345   7.7  -7 -0.06 14074526 SP7AID            
190310 080345  51.6   8  0.11 14074937 SV1LJG        KM18
190310 080345  32.9   1  0.41 14075213 R6FX              
190310 080345   7.3  -8  0.44 14075328 BD0AAI        NN33
190310 080345 100.3  15 -1.22 14075484 CT4KG             
190310 080345  15.8  -5  0.35 14075701 R4ADI         LN28
190310 080345   6.4 -10  0.06 14075823 II1IGG        JN44
190310 080345   3.5  -5  0.12 14075887 YO9HP         KN35
190310 080345   5.4 -12  0.25 14075996 JH5MXB            
190310 080345 102.0   6  0.02 14076140 RV6LCY            
190310 080345  16.3   3  1.16 14076218 Z61DX             
190310 080345  41.0  -1  0.74 14076310 YO7FJK        KN24
