190310 075900  18.1  -7  0.31 18100681 5X2S              
190310 075900   4.3 -12  0.38 18101340 ZS5PD         KF59
190310 075915   7.6  -6  0.08 18101510 4S7AB             
190310 075945   5.5 -12  0.09 18100766 ZS6SE         KG44
190310 075945   4.1 -11  0.09 18100937 ZS6ANT            
190310 075945  13.7  -6  0.09 18101512 4S7AB             
190310 075900  92.3  16  0.01 10136581 II1IGG        JN44
190310 075900  28.1   0  0.20 10136778 EA7GXD        IM76
190310 075900  35.0   6 -0.03 10136860 I1RJP         JN45
190310 075900  45.4  11  0.14 10137101 F5UJQ         IN94
190310 075900   6.5  -4  1.52 10137185 SV1NK         KM17
190310 075900   4.9 -10 -0.52 10137399 SP2Y          JO93
190310 075900  20.7  -8  0.06 10137444 OE4KSF        JN87
190310 075900  11.0  -5  0.09 10137669 SV2CXW            
190310 075900   5.3 -11  0.20 10137957 JR7TEQ            
190310 075900   3.6 -12  0.18 10138004 SP2EWQ            
190310 075900 134.1   9  0.31 10138181 F6EXV         IN94
190310 075900   5.7 -14  0.06 10138663 EA9ACF            
190310 075915   5.3 -10  0.22 10136643 R1CBP             
190310 075915   2.4 -11  0.11 10136918 OH8MXJ        KP23
190310 075915 208.5  11 -1.22 10137000 UT3SO             
190310 075915  14.0  -1  0.05 10137116 IZ1DXG        JN44
190310 075915  40.0  -1  0.02 10137556 YO6OGY            
190310 075915   5.5  -6  0.09 10137732 IS0KNG            
190310 075930  44.3  10  0.00 10136538 US3LR         KO80
190310 075930  56.6  10  0.01 10136581 II1IGG            
190310 075930  34.4   2  0.31 10136762 EA7GXD        IM76
190310 075930  68.1  10 -0.06 10136860 I1RJP         JN45
190310 075930   2.0 -10 -0.28 10137044 S57NCP        JN76
190310 075930  14.2  12  0.04 10137101 F5UJQ         IN94
190310 075930   6.9  -7  1.94 10137185 SV1NK         KM17
190310 075930   7.0  -8  0.01 10137233 IT9RZR            
190310 075930  37.9  -3  0.06 10137444 OE4KSF        JN87
190310 075930   9.1 -10  0.05 10137669 SV2CXW            
190310 075930   1.8 -13  0.20 10137956 JR7TEQ            
190310 075930 213.4  15  0.29 10138181 F6EXV         IN94
190310 075930   1.9 -13  0.12 10138291 OZ1FHU        JO55
190310 075945   5.0  -8  0.22 10136643 R1CBP             
190310 075945   1.6 -11  0.07 10136917 OH8MXJ        KP23
190310 075945 165.1  10 -1.23 10137000 UT3SO             
190310 075945  27.7   3  0.05 10137116 IZ1DXG        JN44
190310 075945  29.8  -1  0.01 10137556 YO6OGY            
190310 075945   5.9  -9  0.00 10137638 EB5DQ             
190310 075945   4.9  -4  0.09 10137732 IS0KNG            
190310 075945   4.4 -11  0.03 10138023 EA5ISA        IM99
190310 075900  20.4   0  0.25 14074387 IU7GTP        JM99
190310 075900   8.8 -11  0.08 14074466 SV3SFJ        KM08
190310 075900  31.3  17  0.20 14074785 UB6HHY            
190310 075900  14.7  -7  0.15 14074926 OZ1CF         JO65
190310 075900  91.3   3 -0.34 14075019 EA7TG         IM87
190310 075900  56.5  11 -0.02 14075157 RA6FC             
190310 075900  11.6  -1  0.33 14075240 US2MA             
190310 075900  10.1 -16  0.75 14075632 JH0JVA            
190310 075900  19.7  -7  0.01 14075697 IZ6CLN            
190310 075900   6.0 -14 -0.05 14075765 OH2ZZ             
190310 075900  29.3   5  0.10 14075942 OD5KU         KM73
190310 075915  12.8  -1  0.09 14075492 EA4ETF        IN80
190310 075915  20.1   0  0.46 14074237 R0AX              
190310 075915   1.7 -13  0.08 14074388 IK4LZH        JN54
190310 075915  55.0  -2 -0.10 14074463 JA1PFP            
190310 075915   3.5 -11  0.06 14074857 EA9ACD        IM75
190310 075915  27.2  10  0.09 14074937 SV1LJG        KM18
190310 075915  16.5  -4 -0.09 14075021 UB0AJK            
190310 075915  60.3  15  0.35 14075701 RA9SCU            
190310 075915   4.4 -13  0.22 14075996 JH5MXB            
190310 075915  15.7   3 -0.05 14076052 UN3GX         MN83
190310 075915  14.2  16  0.08 14076130 RU4HD         LO43
190310 075915   5.3  -6  0.07 14076733 JA0GCY            
190310 075930  28.4  -5  0.50 14074387 IU7GTP        JM99
190310 075930  22.6  -9  0.06 14074466 SV3SFJ        KM08
190310 075930  36.5  21  0.20 14074785 UB6HHY            
190310 075930  57.1  10 -0.34 14075020 EA7TG         IM87
190310 075930   3.2  -9  0.15 14075102 RV9XQ         MP27
190310 075930  12.1  14 -0.02 14075157 RA6FC             
190310 075930  13.2   1  0.33 14075240 US2MA             
190310 075930   5.2 -17  0.25 14075350 EA4EQ             
190310 075930   2.6 -17  0.76 14075632 JH0JVA            
190310 075930  24.7  -7  0.01 14075697 IZ6CLN            
190310 075930   4.5 -15 -0.06 14075765 OH2ZZ             
190310 075930  18.1   4  0.11 14075940 OD5KU         KM73
190310 075930  14.7  -5  0.27 14076050 US4ET         KN88
190310 075945   7.6  -3  0.08 14075492 EA4ETF        IN80
190310 075945  10.8  -7  0.06 14074237 R0AX              
190310 075945  20.2  -2 -0.10 14074463 JA1PFP            
190310 075945  35.9  10  0.10 14074937 SV1LJG        KM18
190310 075945   6.3 -12  0.31 14075216 JA4NIJ            
190310 075945   6.9  -8  0.61 14075331 BD0AAI            
190310 075945   6.8  -8  0.06 14075751 R0SCG             
190310 075945   4.0 -11  0.03 14075824 II1IGG            
190310 075945   4.4 -12  0.10 14075887 YO9HP         KN35
190310 075945  12.4  12 -0.04 14076052 UN3GX         MN83
190310 075945  30.3  15  0.09 14076130 RU4HD         LO43
190310 075945   5.7 -10  0.57 14076457 UD8D              
190310 075900  11.9 -11  0.40  7074427 F4GAJ         IN99
190310 075900   1.6 -23  2.27  7074520 OK2PBV            
190310 075900  10.4  -8  0.05  7074690 DL1FYV            
190310 075900  69.4  -4  1.18  7074800 IW3AGO        JN56
190310 075900   2.6 -16  0.92  7074854 OE7WGT        JN57
190310 075900  46.7  24  0.00  7075076 OM5CM             
190310 075900 107.9  16  0.11  7075706 HB9DGZ        JN47
190310 075900  16.5  -1 -0.91  7075907 HA1RB         JN86
190310 075900 122.6   8 -0.86  7076047 R3AT              
190310 075900  18.1  -3 -0.01  7076145 SP4NKU            
190310 075900  34.8   5 -0.19  7076272 DC1VKR        JN39
190310 075900  29.7   8  0.01  7076467 OH1EDK        KP01
190310 075915   8.0  -4  2.12  7074327 IZ5CPK        JN44
190310 075915   9.2   1 -0.07  7074520 HB9STJ            
190310 075915   6.2   0  0.01  7074689 IW0QOX            
190310 075915   9.3  17  0.05  7074754 IK0UTM        JN63
190310 075915  14.3   6 -0.26  7074994 EA3KU         JN00
190310 075915  14.5  -4  0.02  7075074 OE7BFT        JN57
190310 075915  27.4   3  0.14  7075160 UR7UB         KO50
190310 075915  16.0  -7  0.04  7075276 OK1CNM            
190310 075915  51.2   8  0.10  7075518 HA1ZW         JN86
190310 075915  11.1   3 -0.14  7075632 IN3HBF        JN56
190310 075915 129.0  15 -0.06  7075747 EW4TT             
190310 075915   7.0  -3  0.26  7075835 M0XMX         IO92
190310 075915  15.2  11 -0.23  7076195 OE6MMF        JN77
190310 075915 223.2  16  0.01  7076387 ON4UP         JO20
190310 075915   5.5  -2  0.25  7076493 IK8DNJ            
190310 075915   8.1  10  0.08  7076642 DK1BN         JO30
190310 075915  11.0   4  0.00  7076741 PD0HLA        JO22
190310 075930   2.3 -19  0.41  7074256 RA3QLB        KO90
190310 075930   9.5 -12  0.39  7074427 F4GAJ         IN99
190310 075930  20.1   1  0.56  7074605 M1BMW         IO92
190310 075930   7.3 -13  0.02  7074689 DL1FYV            
190310 075930  55.4  -5  1.18  7074800 IW3AGO        JN56
190310 075930   5.6 -13  0.90  7074854 OE7WGT        JN57
190310 075930  51.1  25  0.00  7075076 OM5CM             
190310 075930   1.6 -24 -0.01  7075276 US0VA         KO50
190310 075930  95.7  13  0.11  7075706 HB9DGZ        JN47
190310 075930  25.5   5 -0.92  7075907 HA1RB         JN86
190310 075930  83.1   6 -0.86  7076047 R3AT          KO85
190310 075930  15.6  -8 -0.01  7076145 SP4NKU            
190310 075930 180.3   5 -0.10  7076272 DC1VKR            
190310 075930  31.7   7  0.01  7076467 OH1EDK        KP01
190310 075945  12.1  -2  2.13  7074327 IZ5CPK        JN44
190310 075945  31.2  -1 -0.06  7074449 HB9STJ            
190310 075945   1.8  -8  0.16  7074686 OK1WCF        JO80
190310 075945  11.6  16  0.05  7074754 IK0UTM        JN63
190310 075945  15.4   8  0.01  7074905 M0ABG         JO02
190310 075945  54.0  14 -0.26  7074994 EA3KU             
190310 075945   3.4 -10  0.02  7075074 OE7BFT        JN57
190310 075945  26.8  -2  0.14  7075160 UR7UB         KO50
190310 075945   7.2 -11 -0.08  7075320 EA5RT         IM99
190310 075945  38.1   5  0.10  7075518 HA1ZW         JN86
190310 075945   3.0  -6  0.01  7075596 M0GDX             
190310 075945   5.6  -7  0.18  7075635 IN3ADG            
190310 075945 123.6  18 -0.05  7075747 EW4TT             
190310 075945   7.8  -7  0.25  7075835 M0XMX         IO92
190310 075945  11.2   7 -0.28  7076196 OE6MMF        JN77
190310 075945 483.9  18  0.02  7076387 ON4UP         JO20
190310 075945   3.6  -8 -0.09  7076493 IK8DNJ            
190310 075945  10.3   8  0.08  7076642 DK1BN         JO30
190310 075945  21.7  -2  0.01  7076741 PD0HLA        JO22
