190310 080115  14.3  -4  0.08 18101516 4S7AB         NJ07
190310 080130   9.1  -9  0.31 18100681 5X2S              
190310 080145   2.5 -12 -0.12 18100999 R8OD          NO14
190310 080145   5.9  -9  0.07 18101517 4S7AB         NJ07
190310 080100   6.8  -5  0.47 10136496 UN7MAU        LO51
190310 080100 156.3  13  0.02 10136581 II1IGG        JN44
190310 080100  16.4   2  0.68 10136752 EA7GXD            
190310 080100  37.6   8  0.15 10137101 F5UJQ             
190310 080100  13.4  -1  1.50 10137185 SV1NK         KM17
190310 080100  27.2  -3  0.08 10137444 OE4KSF        JN87
190310 080100  10.1  -8  0.04 10137669 SV2CXW        KN10
190310 080100   6.8  -8  1.31 10137901 EA5IJD        JM08
190310 080100   5.7 -11  0.06 10138290 OZ1FHU        JO55
190310 080100   2.4 -12  0.06 10138664 DL3XS             
190310 080115   2.9 -10 -0.09 10137507 RZ9U          NO35
190310 080115   2.0  -9  0.08 10136583 M0TRJ         IO81
190310 080115  51.0   9 -1.32 10137000 UT3SO         KN18
190310 080115   5.9  -5  0.06 10137115 IZ1DXG        JN44
190310 080115   7.1  -5  0.07 10137445 F4GYE         JN07
190310 080115   3.6  -6  0.00 10137555 YO6OGY            
190310 080115   3.2  -4  0.06 10137705 RA9LL         MO27
190310 080130   8.1  -5  0.47 10136497 UN7MAU        LO51
190310 080130 167.8  14  0.02 10136581 II1IGG            
190310 080130  10.6  -2  0.20 10136752 EA7GXD            
190310 080130  33.8   9  0.05 10137101 F5UJQ             
190310 080130   8.8   0  1.50 10137185 SV1NK         KM17
190310 080130 121.6   7  0.21 10137368 YO3IAI        KN34
190310 080130   6.0  -9  0.08 10137444 OE4KSF            
190310 080130   8.0 -13  0.55 10137556 EA7IRV            
190310 080130  10.7 -11  0.05 10137669 SV2CXW        KN10
190310 080130   9.4  -9  0.08 10137809 EA4GST        IN80
190310 080130   5.8 -12  0.21 10137956 JR7TEQ            
190310 080130 251.5  16  0.58 10138181 F6EXV         IN94
190310 080130   1.9 -14  0.15 10138290 OZ1FHU        JO55
190310 080130   4.0 -14  0.11 10138589 EA9ACF        IM75
190310 080145  24.4  -8 -2.46 10136366 EA5FQS            
190310 080145  22.7  14 -1.36 10137000 UT3SO         KN18
190310 080145   6.6  -2  0.06 10137445 F4GYE             
190310 080145   6.5  -5  0.00 10137556 YO6OGY            
190310 080100   7.6  -8  0.44  7074256 RA3QLB        KO90
190310 080100  23.7  -5  0.54  7074327 DB3JK             
190310 080100   1.9 -16  0.76  7074415 R6AC              
190310 080100  13.5  -4  0.03  7074689 IW0QOX            
190310 080100  59.8   2  1.19  7074800 IW3AGO            
190310 080100   4.3  -7  0.89  7074854 OE7WGT            
190310 080100  35.5  22  0.00  7075076 OM5CM         JN98
190310 080100  37.7  12  0.12  7075212 HB9CXK        JN47
190310 080100  15.0  -9  0.06  7075488 DL1FYV        JN59
190310 080100  10.1   9  0.77  7075664 DD7GU         JN39
190310 080100  32.9  12  0.13  7075706 HB9DGZ            
190310 080100  93.0   4  0.15  7075834 IN3HBF            
190310 080100  17.5   5 -0.92  7075907 HA1RB         JN86
190310 080100  69.9  10 -0.85  7076048 R3AT              
190310 080100   4.3   5  0.08  7076272 DC1VKR        JN39
190310 080100  11.2   5  0.04  7076467 OH1EDK            
190310 080115  18.0  -4  2.14  7074327 IZ5CPK        JN44
190310 080115  37.7   5 -0.06  7074449 HB9STJ        JN36
190310 080115  17.3  -2  0.34  7074821 G4SBC             
190310 080115   4.8  -2  0.03  7074852 CT2FEY            
190310 080115  14.8   5  0.03  7074904 M0ABG             
190310 080115  86.1  17 -0.25  7074994 EA3KU             
190310 080115   7.0  -5  0.03  7075074 OE7BFT            
190310 080115   6.0  -3  0.14  7075160 UR7UB         KO50
190310 080115  18.6  13 -0.06  7075445 EW4TT             
190310 080115  88.2   9  0.10  7075518 HA1ZW             
190310 080115  29.9  14  0.22  7075783 DL5RDQ        JN59
190310 080115   2.5  -5  0.27  7075835 M0XMX             
190310 080115  33.4   5 -0.06  7075979 RX3ZV         KO80
190310 080115  22.6   0 -0.25  7076108 DD1SI         JN48
190310 080115  19.1   2 -0.25  7076196 OE6MMF        JN77
190310 080115 434.5  20  0.02  7076387 ON4UP         JO20
190310 080115   4.3 -10 -0.08  7076493 IK8DNJ            
190310 080130   7.2 -13  0.46  7074256 RA3QLB        KO90
190310 080130   2.1 -16  0.22  7074635 E70R          JN84
190310 080130  19.5  -5  1.19  7074800 IW3AGO            
190310 080130  11.7  -4  0.92  7074854 OE7WGT            
190310 080130 110.3  24  0.01  7075076 OM5CM             
190310 080130  39.5   9  0.12  7075213 HB9CXK        JN47
190310 080130   1.7 -16  0.01  7075277 US0VA         KO50
190310 080130  34.3  -5  0.04  7075488 DL1FYV        JN59
190310 080130  10.5   6  0.79  7075664 DD7GU         JN39
190310 080130  45.4  12  0.13  7075706 HB9DGZ            
190310 080130   7.6  -7  0.02  7075794 RX3DPK        KO85
190310 080130  51.8  -3 -0.13  7075834 IN3HBF            
190310 080130  13.7  -5 -0.92  7075907 HA1RB         JN86
190310 080130  34.6  -8  0.14  7075946 EA2DUS            
190310 080130  41.8  11 -0.85  7076047 R3AT              
190310 080130  23.6  15  0.09  7076195 UB1WBQ        KO47
190310 080130  52.8  12 -0.71  7076272 DC1VKR        JN39
190310 080145  11.9  -2  2.14  7074327 IZ5CPK        JN44
190310 080145  58.9  10 -0.06  7074449 HB9STJ            
190310 080145  72.0  13  0.03  7074904 M0ABG             
190310 080145  53.6   8 -0.25  7074994 EA3KU         JN00
190310 080145  19.2  -1  0.03  7075074 OE7BFT            
190310 080145  32.2   5  0.14  7075160 UR7UB         KO50
190310 080145   2.9 -19  0.05  7075425 R1BED/M           
190310 080145 115.1   6  0.11  7075518 HA1ZW             
190310 080145  27.7  21  0.21  7075783 DL5RDQ            
190310 080145  10.5   2 -0.12  7075980 RX3ZV             
190310 080145 326.0  21  0.02  7076387 ON4UP         JO20
190310 080145   4.1  -7 -0.05  7076493 IK8DNJ            
190310 080100  12.8  -4  0.05 14074387 IU7GTP        JM99
190310 080100   8.6  -8  0.10 14074467 SV3SFJ        KM08
190310 080100  16.8  -3  0.18 14074817 RV9XQ         MP27
190310 080100  38.2   1  0.01 14074885 IT9NKT            
190310 080100  41.6   7 -0.33 14075020 EA7TG         IM87
190310 080100  25.7  20 -0.01 14075157 RA6FC             
190310 080100   8.9   5  0.33 14075240 US2MA         KN98
190310 080100  13.2  -6  0.03 14075697 IZ6CLN        JN62
190310 080100   2.4 -14 -0.06 14075881 UA9CC             
190310 080100  16.4   0  0.12 14075942 OD5KU             
190310 080100  14.0  13  0.56 14076130 RA6ALF        LN05
190310 080100  12.4  -8  0.09 14076313 IK8YBE        JN70
190310 080100   6.2  -9  0.47 14076568 RV6AGB            
190310 080115   6.6 -10  0.09 14075492 EA4ETF        IN80
190310 080115  14.0  -1  0.53 14074235 R0AX              
190310 080115  24.7   7  0.12 14074937 SV1LJG            
190310 080115  27.1   1 -0.85 14075025 R6LIG         KN97
190310 080115  11.6  -6  0.04 14075157 Z36W              
190310 080115   5.5  -9  0.39 14075330 BD0AAI        NN33
190310 080115   4.1 -11  0.06 14075823 II1IGG            
190310 080115   2.5 -14  0.23 14075996 JH5MXB            
190310 080115  22.1  17  0.10 14076130 RU4HD             
190310 080115  14.4   6  0.47 14076217 Z61DX             
190310 080115   8.1  -9  0.73 14076306 YO7FJK        KN24
190310 080115   6.2 -11  0.19 14076391 LZ818PT           
190310 080115  18.1  -4  0.03 14076732 YO7YO         KN25
190310 080130  22.3  -2  0.13 14074387 IU7GTP        JM99
190310 080130   4.8  -8  0.08 14074466 SV3SFJ        KM08
190310 080130   2.9 -15 -0.21 14074566 IZ8EDI        JN70
190310 080130  36.9  12  0.52 14074744 RA6ALF            
190310 080130   8.2 -14  0.01 14074884 IT9NKT            
190310 080130  43.6   3 -0.33 14075019 EA7TG         IM87
190310 080130  35.4  19 -0.01 14075157 RA6FC             
190310 080130  27.1   6  0.34 14075240 US2MA         KN98
190310 080130  18.6   2  0.06 14075445 OZ1CF         JO65
190310 080130   2.4 -15  0.07 14075610 RW0SR         OO22
190310 080130  25.4  -6  0.03 14075696 IZ6CLN            
190310 080130   3.1 -10  0.84 14075741 RV6AGB            
190310 080130  16.8  -4  0.11 14076312 IK8YBE            
190310 080145  18.7   3  0.09 14074236 R0AX              
190310 080145  39.9   7  0.11 14074937 SV1LJG            
190310 080145  11.6  -3  0.04 14075021 UB0AJK            
190310 080145  87.8   3  0.02 14075156 Z36W              
190310 080145   9.6  -7  0.31 14075329 BD0AAI        NN33
190310 080145   2.4 -12  0.06 14075823 II1IGG            
190310 080145  20.2  18  0.10 14076130 RU4HD             
190310 080145  23.1  13  0.10 14076217 Z61DX             
190310 080145   8.8  -5  0.74 14076306 YO7FJK        KN24
190310 080145  12.1  -9  0.11 14076732 YO7YO         KN25
