190310 080400   5.6 -13  0.29 18100681 5X2S              
190310 080415   3.3 -12  0.09 18100936 ZS6ANT            
190310 080430   5.5 -10  0.28 18100681 5X2S              
190310 080430   3.8 -11  0.38 18101340 ZS5PD             
190310 080400   4.3 -12 -0.01 10136438 IT9RZR            
190310 080400   4.0  -6  0.44 10136499 UN7MAU            
190310 080400 123.9  17 -0.01 10136581 II1IGG            
190310 080400   7.0  -5  0.02 10136652 EA8JK             
190310 080400  25.0   0  0.18 10136752 EA7GXD        IM76
190310 080400   3.0 -15  0.21 10136889 EA7UW             
190310 080400  22.0   8  0.12 10137101 F5UJQ         IN94
190310 080400  20.7  -1  1.40 10137185 SV1NK         KM17
190310 080400  20.5   6  0.12 10137368 YO3IAI        KN34
190310 080400  31.1  -2  0.05 10137444 OE4KSF            
190310 080400  33.5  -4  0.05 10137591 IK8YBE        JN70
190310 080400  33.4  -4  0.03 10137669 SV2CXW            
190310 080400 261.2  21  0.26 10138181 F6EXV             
190310 080400   1.6 -13  0.02 10138289 OZ1FHU        JO55
190310 080400   2.2 -14  0.06 10138589 EA9ACF        IM75
190310 080415  42.3  10 -1.45 10136999 UT3SO         KN18
190310 080415   3.5   1  0.07 10137732 IS0KNG            
190310 080415   9.3   4  0.05 10137876 F4GYE         JN07
190310 080415   6.4  -6 -0.05 10138012 OM5CD         JN88
190310 080415  18.3  -6  0.35 10138290 EA7IRV            
190310 080430   7.2 -11 -0.01 10136438 IT9RZR            
190310 080430 113.2  19 -0.01 10136581 II1IGG        JN44
190310 080430   7.6  -2  0.02 10136652 EA8JK             
190310 080430  24.6  -2  0.67 10136752 EA7GXD        IM76
190310 080430   2.3 -14  0.20 10136890 EA7UW             
190310 080430  36.5   4  0.02 10137101 F5UJQ         IN94
190310 080430  16.5   5  1.39 10137185 SV1NK         KM17
190310 080430  21.0   6  0.08 10137368 YO3IAI        KN34
190310 080430   3.3  -6 -0.03 10137462 IW8RPQ        JM89
190310 080430   8.0 -11  0.01 10137669 SV2CXW            
190310 080430   6.0 -12  0.19 10137957 JR7TEQ            
190310 080430  60.3  15  0.27 10138181 F6EXV         IN94
190310 080430   1.7 -12  0.08 10138589 EA9ACF        IM75
190310 080445  28.9  15 -1.45 10136999 UT3SO         KN18
190310 080445   5.1  -4  0.06 10137732 IS0KNG            
190310 080445  15.1  10  0.05 10137876 F4GYE             
190310 080445   2.4  -8 -0.06 10138011 OM5CD         JN88
190310 080445   1.9 -11  0.36 10138290 EA7IRV            
190310 080400  16.6  -3  0.01 14074387 IU7GTP        JM99
190310 080400   9.5  -8 -0.26 14074567 IZ8EDI        JN70
190310 080400   7.3 -14  0.04 14074741 R2ZC              
190310 080400   3.6 -12 -0.02 14074884 IT9NKT            
190310 080400   1.6 -13  0.21 14074892 RV9XQ         MP27
190310 080400  17.4  -2 -0.36 14075019 EA7TG             
190310 080400  11.1  17 -0.04 14075158 RA6FC         LN13
190310 080400  10.2  -1  0.31 14075240 US2MA             
190310 080400  19.8  16  0.17 14075323 UB6HHY        LN05
190310 080400 229.1  10  0.53 14075450 RA6ALF        LN05
190310 080400   3.1 -16  0.10 14075565 EA4EQ             
190310 080400   6.0 -10 -0.01 14075695 IZ6CLN            
190310 080400 154.3   7  0.05 14075903 SV3GLL        KM17
190310 080400  17.6  -4  0.01 14075996 Z36W              
190310 080400  18.1  12  0.07 14076130 RU4HD         LO43
190310 080400   5.1  -9  0.19 14076308 US4ET         KN88
190310 080400  19.7   6 -0.03 14076390 RW6B          KN93
190310 080415  23.1   7  0.23 14074235 R0AX              
190310 080415  55.9   0 -0.12 14074463 JA1PFP            
190310 080415   7.8 -10 -0.09 14074526 SP7AID            
190310 080415  39.0   3  0.08 14074938 SV1LJG        KM18
190310 080415  14.9  15  0.32 14075157 RA9SCU        LO62
190310 080415 134.5  14 -1.25 14075484 CT4KG             
190310 080415   3.6 -15 -0.27 14075701 R4ADI             
190310 080415   5.3 -12  0.05 14075823 II1IGG        JN44
190310 080415   3.5  -8  0.65 14075903 RV6AGB            
190310 080415   9.5 -10  0.21 14075996 JH5MXB            
190310 080415   1.9  -9 -2.32 14076051 RV4CC         LO32
190310 080415  21.0   7 -0.29 14076139 RV6LCY            
190310 080415   9.8  10  0.18 14076218 Z61DX             
190310 080415  16.4  -2  0.76 14076310 YO7FJK        KN24
190310 080415   5.5  -3  0.85 14076457 UD8D          MO07
190310 080415   9.4  -6 -0.05 14076515 IW0ECV            
190310 080430  35.0   4  0.05 14074387 IU7GTP            
190310 080430   3.3 -12 -0.26 14074567 IZ8EDI        JN70
190310 080430  11.2  -4 -0.12 14074927 EA4MD         IN80
190310 080430  14.8  -5 -0.36 14075020 EA7TG             
190310 080430  22.3  -4  0.30 14075184 SV1NK         KM17
190310 080430  15.3  -3  0.31 14075240 US2MA             
190310 080430  20.9  16  0.18 14075323 UB6HHY        LN05
190310 080430  31.9   3  0.80 14075450 RA6ALF        LN05
190310 080430  47.9  15 -0.04 14075656 RA6FC         LN13
190310 080430   2.9 -17  0.02 14075823 IK8YBE        JN70
190310 080430  89.0  -1  0.05 14075903 SV3GLL            
190310 080430  17.8  10  0.09 14076130 RU4HD             
190310 080430   1.8 -13  0.02 14076197 BA3MM         OM78
190310 080430   6.2 -11  0.19 14076308 US4ET         KN88
190310 080430   8.7   1 -0.03 14076390 RW6B          KN93
190310 080445  23.5   7 -0.01 14074235 R0AX              
190310 080445  31.7  -6 -0.12 14074462 JA1PFP            
190310 080445  13.8   3  0.19 14074836 R9AXX         LO94
190310 080445  27.9   7  0.08 14074938 SV1LJG        KM18
190310 080445  52.8  14  0.34 14075157 RA9SCU        LO62
190310 080445   5.3 -10  0.88 14075328 BD0AAI            
190310 080445  11.1 -10 -0.02 14075700 R4ADI             
190310 080445   4.4 -13  0.03 14075823 II1IGG            
190310 080445  11.6  -3  0.03 14075886 YO9HP         KN35
190310 080445   5.1 -11 -2.33 14076051 RV4CC         LO32
190310 080445   1.6 -13 -0.09 14076078 RK8T          LO91
190310 080445  13.1  18  0.09 14076286 EA1YV         IN52
190310 080400   6.5  -9  0.09  7074195 DD1JD         JO31
190310 080400  38.4   6  0.00  7074325 M0OBL         IO92
190310 080400  24.6   1 -0.24  7074604 IN3DNS        JN55
190310 080400 139.9   4  0.57  7074731 M1BMW             
190310 080400   2.4 -11 -0.01  7074923 RZ3DC             
190310 080400   5.4  -6 -0.03  7075012 GM4CXP        IO85
190310 080400 861.3  24 -0.02  7075075 OM5CM         JN98
190310 080400  33.8  13  0.01  7075296 DL1SL         JN48
190310 080400  71.2  -3  1.17  7075400 IW3AGO            
190310 080400  14.6  -4  0.50  7075487 DB3JK         JO60
190310 080400  11.8 -10  0.07  7075560 R2ANX         KO85
190310 080400  11.0   5  0.74  7075664 DD7GU         JN39
190310 080400   1.9 -15 -0.81  7075746 YO8CGR        KN27
190310 080400  16.6  -6  0.07  7075794 RX3DPK            
190310 080400  18.6  -1 -0.02  7075946 EA2DUS        IN93
190310 080400   5.7  -3 -0.70  7075989 MX1SWL/A          
190310 080400  46.3  12 -0.85  7076047 R3AT              
190310 080400   7.8  -7  0.18  7076136 HA1TIB        JN87
190310 080400  17.4  14  0.03  7076467 OH1EDK        KP01
190310 080400   9.3  -6 -0.02  7076741 PD0HLA        JO22
190310 080415  24.7  -4  2.11  7074326 IZ5CPK            
190310 080415  20.6   5 -0.08  7074449 HB9STJ            
190310 080415  15.5  10  0.02  7074636 DL1FYV            
190310 080415  11.2   4  0.00  7074689 IW0QOX            
190310 080415  12.8  10  0.00  7074902 M0ABG         JO02
190310 080415  40.4   8 -0.03  7074994 EA3KU         JN00
190310 080415  26.3   4  0.14  7075160 UR7UB             
190310 080415  12.5   1  0.12  7075386 RA1TR             
190310 080415  22.3  14  0.00  7075488 G3PXT             
190310 080415  20.9  21  0.19  7075783 DL5RDQ            
190310 080415  13.7   4 -0.29  7076195 OE6MMF        JN77
190310 080415 254.6  11  0.06  7076272 UB1WBQ        KO47
190310 080430   6.4  -4  0.07  7074195 DD1JD         JO31
190310 080430  52.9   3  0.81  7074256 RA3QLB        KO90
190310 080430  26.0  10  0.00  7074326 M0OBL             
190310 080430   4.5  -6  0.19  7074635 E70R              
190310 080430 868.3  13  0.58  7074731 M1BMW             
190310 080430   4.8  -3  0.20  7074800 F4GAJ         IN99
190310 080430   7.1   4  0.00  7075011 GM4CXP        IO85
190310 080430  13.8  -5  0.34  7075147 M0HWD         IO91
190310 080430  10.5  17  0.00  7075295 DL1SL         JN48
190310 080430  10.1  -4  0.55  7075519 R2AUK         KO85
190310 080430   9.1  -2 -0.01  7075560 R2ANX         KO85
190310 080430   7.8   8  0.75  7075664 DD7GU         JN39
190310 080430   9.3  11  0.09  7075693 HB9DGZ            
190310 080430   9.1  -2 -0.93  7075907 HA1RB         JN86
190310 080430  34.0  10 -0.87  7076047 R3AT              
190310 080430   7.1  -4  0.13  7076136 HA1TIB        JN87
190310 080430  76.5   9 -0.95  7076272 DC1VKR            
190310 080430  10.7  15 -0.08  7076329 EW4TT         KO23
190310 080430  14.5  12  0.02  7076467 OH1EDK        KP01
190310 080445  31.7   0  2.11  7074326 IZ5CPK            
190310 080445   3.9 -16  0.02  7074563 SP3UY             
190310 080445  24.7   5  0.01  7074635 DL1FYV            
190310 080445  26.3  -1  0.02  7074689 IW0QOX            
190310 080445   7.7  -4  0.89  7074855 OE7WGT        JN57
190310 080445  14.6   9  0.00  7074902 M0ABG         JO02
190310 080445  46.6   9 -0.03  7074995 EA3KU         JN00
190310 080445  19.1  19 -0.56  7075783 DL5RDQ            
190310 080445   1.7 -21  0.41  7076106 SP2LMA        JO94
190310 080445  15.9  -3  1.50  7076195 OE6MMF        JN77
190310 080445  41.7  14  0.16  7076272 UB1WBQ            
190310 080445  55.9  19  0.00  7076387 ON4UP         JO20
190310 080445   2.1 -19 -0.01  7076591 PD1LVK        JO22
