190310 075800  12.8  -8  0.31 18100681 5X2S              
190310 075800   5.7 -10  0.04 18102158 A45XR         LL93
190310 075815  10.4  -8  0.12 18101508 4S7AB             
190310 075815   5.1 -11  0.10 18100936 ZS6ANT            
190310 075830  13.0  -8  0.31 18100681 5X2S              
190310 075845  11.1  -9  0.11 18101509 4S7AB         NJ07
190310 075845   7.3  -9  0.10 18100936 ZS6ANT            
190310 075845   2.1 -14  0.41 18101612 YB1UUN        OI33
190310 075800  27.2  -1  0.47 10136495 UN7MAU            
190310 075800 175.5  13  0.02 10136581 II1IGG        JN44
190310 075800  16.8  -2  0.19 10136711 EA7GXD            
190310 075800   4.7  -5 -0.28 10137044 S57NCP            
190310 075800  29.1  12  0.05 10137101 F5UJQ         IN94
190310 075800  19.0   3  1.49 10137185 SV1NK         KM17
190310 075800   4.6 -10  0.01 10137233 IT9RZR            
190310 075800   7.0  -9 -0.50 10137399 SP2Y          JO93
190310 075800  20.4  -5  0.07 10137444 OE4KSF            
190310 075800  17.3  -1  0.05 10137669 SV2CXW        KN10
190310 075800  22.4  -1  0.10 10137732 R1BEO             
190310 075800   6.9 -11  0.21 10137956 JR7TEQ            
190310 075800 372.6   6  0.42 10138181 F6EXV         IN94
190310 075800  29.2   6 -0.03 10138551 UR5FQB            
190310 075800   2.5 -12  0.08 10138663 EA9ACF        IM75
190310 075815   6.2  -9 -0.12 10137507 RZ9U              
190310 075815 225.2   6 -1.22 10137000 UT3SO             
190310 075815  16.3   0  0.06 10137117 IZ1DXG        JN44
190310 075815   8.4  -2  0.05 10137556 YO6OGY        KN26
190310 075815  15.6  -1  0.03 10137706 RA9LL             
190310 075815   1.9  -3  0.06 10137732 IS0KNG        JM49
190310 075815   6.5  -8 -0.11 10137808 G0JHC             
190310 075830  14.0   1  0.47 10136495 UN7MAU            
190310 075830  94.2  14  0.02 10136581 II1IGG        JN44
190310 075830  12.5  -1  0.23 10136712 EA7GXD            
190310 075830  29.1   5 -0.03 10136860 I1RJP         JN45
190310 075830  24.9  14  0.05 10137101 F5UJQ         IN94
190310 075830  13.7   0  1.47 10137185 SV1NK         KM17
190310 075830   4.5 -10  0.02 10137233 IT9RZR            
190310 075830  11.9  -7 -0.52 10137399 SP2Y          JO93
190310 075830  10.5  -9  0.07 10137444 OE4KSF            
190310 075830  16.0  -7  0.35 10137557 EA7IRV            
190310 075830  18.6  -6  0.06 10137669 SV2CXW        KN10
190310 075830  17.3  -2  0.09 10137732 R1BEO             
190310 075830   2.5 -13  0.21 10137957 JR7TEQ            
190310 075830 117.3   9  0.29 10138181 F6EXV         IN94
190310 075845   8.2 -12  0.25 10136643 R1CBP         KP50
190310 075845 314.4  12 -1.18 10137000 UT3SO             
190310 075845   6.6  -3  0.06 10137117 IZ1DXG        JN44
190310 075845  21.8   0  0.03 10137556 YO6OGY            
190310 075845  16.7   0  0.06 10137732 IS0KNG            
190310 075845   1.5 -14 -0.74 10138023 EA5ISA        IM99
190310 075800   2.4 -15  0.64 14074387 IU7GTP        JM99
190310 075800   9.7  -9  0.05 14074635 DL6MHW        JO52
190310 075800   2.5  -7  0.00 14074886 IT9NKT        JM77
190310 075800   5.0   3 -0.22 14074974 EA1YV         IN52
190310 075800 107.8  15 -0.01 14075157 RA6FC             
190310 075800   6.1 -13  0.76 14075632 JH0JVA            
190310 075800  14.9  -7  0.02 14075698 IZ6CLN        JN62
190310 075800   5.1 -12 -0.04 14075765 OH2ZZ             
190310 075800   4.9  -9  0.06 14076330 BA3MM         OM78
190310 075815   8.4  -5  0.44 14074237 R0AX              
190310 075815  58.0  -4 -0.09 14074463 JA1PFP        PM95
190310 075815   4.1 -13 -0.05 14074526 SP7AID            
190310 075815   1.8 -16  0.08 14074856 EA9ACD        IM75
190310 075815  23.9   9  0.10 14074936 SV1LJG        KM18
190310 075815   6.3  -7 -0.03 14075021 UB0AJK            
190310 075815   1.6 -17  0.08 14075611 RW0SR         OO22
190310 075815 257.0   9  0.35 14075700 RA9SCU        LO62
190310 075815   6.9  -9 -0.29 14075937 Z36W              
190310 075815  11.2   4 -0.03 14076052 UN3GX         MN83
190310 075815  25.3  13  0.09 14076130 RU4HD             
190310 075815  41.5  16  0.51 14076188 RA6ALF            
190310 075815  15.4  -1  1.49 14076330 UA3ZPB        KO81
190310 075815   4.9 -11  0.08 14076733 JA0GCY        PM97
190310 075830   8.0  -8  0.57 14074387 IU7GTP        JM99
190310 075830  14.7  -8  0.06 14074467 SV3SFJ        KM08
190310 075830  44.1  20  0.21 14074785 UB6HHY            
190310 075830   8.7  -6  0.16 14074926 OZ1CF         JO65
190310 075830  33.2  -4 -0.02 14074981 5B4VL             
190310 075830 208.6  11 -0.01 14075157 RA6FC             
190310 075830  24.3   1  0.33 14075240 US2MA         KN98
190310 075830   7.3 -17  0.76 14075632 JH0JVA            
190310 075830  16.0  -7  0.02 14075698 IZ6CLN            
190310 075830   3.1 -17 -0.04 14075765 OH2ZZ             
190310 075830   4.4  -8  0.07 14076330 BA3MM         OM78
190310 075830   3.6 -11 -0.56 14076767 EA6AJ             
190310 075845   8.6  -6  0.34 14074236 R0AX              
190310 075845  44.3   0 -0.09 14074463 JA1PFP        PM95
190310 075845   3.3  -9 -0.04 14074525 SP7AID            
190310 075845  20.3  10  0.10 14074936 SV1LJG        KM18
190310 075845   1.9 -15  0.08 14075102 JL1XMN            
190310 075845  39.3  15  0.36 14075701 RA9SCU            
190310 075845  10.9  -1 -0.31 14075936 Z36W              
190310 075845   3.5 -14  0.22 14075996 JH5MXB            
190310 075845  44.1  19  0.65 14076187 RA6ALF            
190310 075845   2.9 -14  1.45 14076331 UA3ZPB        KO81
190310 075845   5.4 -11  0.57 14076457 UD8D          MO07
190310 075845   6.2  -9  0.08 14076732 JA0GCY            
190310 075800   7.6  -9  0.44  7074427 F4GAJ         IN99
190310 075800  54.0   5  1.19  7074604 IW3AGO        JN56
190310 075800  10.8  -4  0.04  7074689 DL1FYV        JN59
190310 075800  41.9  18  0.08  7074994 UB1WBQ            
190310 075800 134.4  24  0.01  7075076 OM5CM         JN98
190310 075800   1.9 -11  0.00  7075407 EA5RW             
190310 075800  11.0   7  0.78  7075664 DD7GU         JN39
190310 075800  25.7  11  0.12  7075706 HB9DGZ        JN47
190310 075800  15.1  -3 -0.92  7075907 HA1RB         JN86
190310 075800  23.6  -5  0.18  7075947 EA2DUS            
190310 075800  95.0  13 -0.85  7076047 R3AT              
190310 075800  10.7  -2  0.00  7076145 SP4NKU            
190310 075800 173.5   7 -0.66  7076272 DC1VKR        JN39
190310 075800  31.3  14  0.02  7076467 OH1EDK        KP01
190310 075815   9.8  -3  0.25  7074256 RA3QLB        KO90
190310 075815  16.1  -4  2.14  7074327 IZ5CPK        JN44
190310 075815   5.0  -2  0.01  7074689 IW0QOX            
190310 075815  21.0  17  0.02  7074754 IK0UTM        JN63
190310 075815   3.1  -4 -1.00  7074895 DL9ZAP            
190310 075815  15.9  10 -0.25  7074995 EA3KU         JN00
190310 075815   6.2  -5  0.03  7075074 OE7BFT        JN57
190310 075815  13.1   7  0.16  7075160 UR7UB         KO50
190310 075815  78.6  11  0.01  7075319 HB9TMI            
190310 075815  11.3  13  0.11  7075518 HA1ZW         JN86
190310 075815   9.4   0  0.10  7075636 IN3ADG            
190310 075815  21.9  -5  0.33  7075859 R1BDX         KO59
190310 075815  21.9   2 -0.26  7075946 DD1SI             
190310 075815  72.2  17 -0.03  7076047 EW4TT             
190310 075815  22.4   7 -0.26  7076196 OE6MMF        JN77
190310 075815   9.8  -6  2.01  7076272 EA3AVS        JN11
190310 075815   6.9  -5 -0.05  7076494 IK8DNJ            
190310 075815  15.3  12  0.13  7076642 DK1BN         JO30
190310 075830   4.6  -5  0.43  7074427 F4GAJ         IN99
190310 075830   1.9 -21 -1.14  7074509 R9AZ              
190310 075830  35.2   2  1.19  7074604 IW3AGO        JN56
190310 075830  21.3   6  0.06  7074689 DL1FYV            
190310 075830   6.5  -8  0.88  7074854 OE7WGT        JN57
190310 075830 179.9  22  0.01  7075076 OM5CM             
190310 075830   2.2 -17  0.08  7075275 US0VA         KO50
190310 075830  49.4  18  0.13  7075706 HB9DGZ        JN47
190310 075830  16.3   2 -0.91  7075907 HA1RB         JN86
190310 075830  72.7  14 -0.85  7076047 R3AT              
190310 075830   7.7  -2  0.00  7076145 SP4NKU            
190310 075830  22.5   7 -0.24  7076272 DC1VKR        JN39
190310 075830  24.2  16  0.02  7076467 OH1EDK        KP01
190310 075845   8.5  -5  0.33  7074256 RA3QLB        KO90
190310 075845   8.8  -7  2.14  7074327 IZ5CPK        JN44
190310 075845   9.4  -1 -0.06  7074520 HB9STJ            
190310 075845   5.9  -4  0.03  7074689 IW0QOX            
190310 075845  22.3  14  0.06  7074754 IK0UTM        JN63
190310 075845  14.1  11  0.01  7074798 M0ABG         JO02
190310 075845   4.8  -2 -1.00  7074895 DL9ZAP            
190310 075845  25.2  11 -0.25  7074994 EA3KU         JN00
190310 075845   3.3  -5  0.05  7075073 OE7BFT        JN57
190310 075845  21.4   7  0.15  7075160 UR7UB         KO50
190310 075845  21.9   7  0.02  7075318 HB9TMI            
190310 075845  24.5   5  0.11  7075518 HA1ZW         JN86
190310 075845  10.2  17 -0.05  7075748 EW4TT         KO23
190310 075845   2.5  -5  0.29  7075859 R1BDX         KO59
190310 075845  11.6  -2 -0.24  7075946 DD1SI             
190310 075845  11.2   7 -0.24  7076196 OE6MMF        JN77
190310 075845 246.9  19  0.03  7076387 ON4UP         JO20
190310 075845   2.5  -6 -0.85  7076494 IK8DNJ            
190310 075845  17.1  11  0.09  7076642 DK1BN         JO30
