190310 080000   6.6 -10  0.26 18100681 5X2S              
190310 080000   3.6 -15  0.35 18101340 ZS5PD         KF59
190310 080015   3.6 -13  0.05 18100937 ZS6ANT            
190310 080015  24.9  -1  0.07 18101514 4S7AB         NJ07
190310 080030   7.3 -11  0.26 18100681 5X2S              
190310 080045  11.5  -3  0.05 18101515 4S7AB         NJ07
190310 080000  15.4  -1  0.44 10136496 UN7MAU            
190310 080000  62.1   8 -0.03 10136581 II1IGG            
190310 080000  28.9   5 -0.09 10136860 I1RJP         JN45
190310 080000   9.3  -3  1.40 10137185 SV1NK         KM17
190310 080000  52.5  -5  0.02 10137444 OE4KSF        JN87
190310 080000  17.5  -8  0.27 10137557 EA7IRV            
190310 080000  23.5  -6  0.03 10137669 SV2CXW            
190310 080000  12.3  -4  1.16 10137901 EA5IJD        JM08
190310 080000   3.2 -12  0.16 10137957 JR7TEQ            
190310 080000  78.1  10  0.25 10138181 F6EXV         IN94
190310 080000   2.2 -12  0.07 10138291 OZ1FHU        JO55
190310 080000   1.6 -13  0.06 10138373 F4FCE             
190310 080015   3.3  -5 -0.24 10136496 OZ6ABL            
190310 080015 240.3  10 -1.30 10137000 UT3SO         KN18
190310 080015  14.5   1  0.01 10137115 IZ1DXG        JN44
190310 080015  12.0  -2 -0.03 10137556 YO6OGY            
190310 080015   5.8  -3  0.01 10137732 IS0KNG            
190310 080015   7.6  -1 -0.03 10137876 EB5DQ         IM99
190310 080015   1.7 -11 -0.02 10138023 EA5ISA        IM99
190310 080030   7.2  -8  0.43 10136496 UN7MAU            
190310 080030  86.1  13 -0.03 10136581 II1IGG        JN44
190310 080030  39.4  11  0.02 10137101 F5UJQ         IN94
190310 080030   4.4  -1  1.40 10137186 SV1NK         KM17
190310 080030   4.6 -10 -0.04 10137233 IT9RZR        JM76
190310 080030  27.8  -7  0.03 10137444 OE4KSF        JN87
190310 080030   8.5 -12  0.39 10137557 EA7IRV            
190310 080030  10.6  -9 -0.01 10137669 SV2CXW            
190310 080030   3.0 -12  0.16 10137957 JR7TEQ            
190310 080045 122.6  15 -1.35 10137000 UT3SO         KN18
190310 080045   2.1  -7  0.01 10137114 IZ1DXG        JN44
190310 080045   4.1  -6  0.01 10137705 RA9LL         MO27
190310 080000  22.4  -4  0.00 14074387 IU7GTP        JM99
190310 080000  37.7   2 -0.38 14075020 EA7TG         IM87
190310 080000  66.3  19 -0.06 14075157 RA6FC             
190310 080000   5.5  -4  0.28 14075240 US2MA         KN98
190310 080000   5.5  -9  0.08 14075350 EA4EQ             
190310 080000  37.1  -2  0.10 14075446 OZ1CF         JO65
190310 080000   2.4 -18  0.75 14075632 JH0JVA            
190310 080000  24.3  -6 -0.03 14075697 IZ6CLN            
190310 080000   7.7 -11  0.19 14076134 US4ET         KN88
190310 080015   6.6  -4  0.04 14075492 EA4ETF        IN80
190310 080015  11.1  -4  0.59 14074236 R0AX          NO56
190310 080015  54.8  -1 -0.14 14074463 JA1PFP        PM95
190310 080015   7.0 -10 -0.09 14074526 SP7AID            
190310 080015  39.1   9  0.06 14074937 SV1LJG        KM18
190310 080015   7.6  -5 -0.09 14075021 UB0AJK            
190310 080015  15.1  17  0.05 14076130 RU4HD         LO43
190310 080015   7.4 -10  0.33 14076457 UD8D          MO07
190310 080030  31.7  -1  0.01 14074387 IU7GTP        JM99
190310 080030   3.7 -11  0.09 14074466 SV3SFJ        KM08
190310 080030   3.8 -13 -0.28 14074566 IZ8EDI        JN70
190310 080030 354.4  13  0.78 14074744 RA6ALF        LN05
190310 080030  11.7  -4 -0.04 14074885 IT9NKT            
190310 080030  68.0   9 -0.38 14075020 EA7TG         IM87
190310 080030  53.8  21 -0.06 14075157 RA6FC         LN13
190310 080030   4.1  -2  0.29 14075240 US2MA         KN98
190310 080030  12.1  -2  0.00 14075446 OZ1CF         JO65
190310 080030   3.5 -16  0.02 14075610 RW0SR         OO22
190310 080030  21.4  -6 -0.03 14075697 IZ6CLN        JN62
190310 080030  27.0   7  0.07 14075939 OD5KU             
190310 080030  45.6  -4  0.55 14076134 US4ET         KN88
190310 080030  11.5  -8  0.06 14076313 IK8YBE        JN70
190310 080030   9.2  -5  0.93 14076568 RV6AGB            
190310 080030   5.3 -12 -0.61 14076787 EA6AJ         JM19
190310 080045  10.9   2  0.04 14075492 EA4ETF        IN80
190310 080045  13.7  -2  0.70 14074236 R0AX              
190310 080045   2.6 -11  0.33 14074500 JA2BTV            
190310 080045  43.2   9  0.06 14074937 SV1LJG        KM18
190310 080045  13.8   4 -0.88 14075026 R6LIG         KN97
190310 080045   3.5 -11  0.80 14075330 BD0AAI        NN33
190310 080045   2.9 -12 -0.06 14075402 UA4FDO        LO23
190310 080045   3.1 -11  0.00 14075823 II1IGG            
190310 080045   7.7  -6  0.00 14075887 YO9HP             
190310 080045  46.5   0  0.05 14075934 Z36W              
190310 080045   3.6 -11  0.19 14075996 JH5MXB            
190310 080045  14.7  18  0.05 14076130 RU4HD         LO43
190310 080045  10.5   7 -0.43 14076217 Z61DX         KN02
190310 080045   3.6 -10 -0.02 14076331 YO9FHB        KN34
190310 080045   5.5  -9  0.50 14076457 UD8D          MO07
190310 080045  39.9   6 -0.09 14076526 UN3GX         MN83
190310 080000   5.1 -15  0.31  7074256 RA3QLB        KO90
190310 080000  10.7  -5  0.48  7074326 DB3JK         JO60
190310 080000   3.9 -13  0.21  7074416 R6AC              
190310 080000  15.0   6  0.52  7074605 M1BMW             
190310 080000   5.3 -11 -0.03  7074689 IW0QOX            
190310 080000   6.2   2  1.14  7074800 IW3AGO        JN56
190310 080000   8.8  -4  0.86  7074854 OE7WGT        JN57
190310 080000  37.5  22 -0.04  7075075 OM5CM             
190310 080000   2.3 -16 -0.04  7075276 US0VA         KO50
190310 080000   7.1 -15  1.29  7075333 OK2PBV        JN89
190310 080000  48.1  19  0.07  7075706 HB9DGZ            
190310 080000   8.2  -3 -0.97  7075907 HA1RB         JN86
190310 080000  12.5  -3  0.06  7075946 EA2DUS            
190310 080000  63.4   8 -0.90  7076047 R3AT          KO85
190310 080000   5.0 -10 -0.04  7076145 SP4NKU            
190310 080000  63.8  11 -0.09  7076272 DC1VKR            
190310 080000  22.7   9 -0.03  7076467 OH1EDK            
190310 080015   9.2  -2  2.09  7074327 IZ5CPK            
190310 080015  16.6   1 -0.12  7074449 HB9STJ            
190310 080015   4.2  -7  0.12  7074686 OK1WCF        JO80
190310 080015  50.0  10 -0.78  7074756 LA6UL         JP22
190310 080015   9.1   2  0.29  7074821 G4SBC         IO93
190310 080015   6.4   9 -0.03  7074905 M0ABG         JO02
190310 080015  58.9  15 -0.29  7074995 EA3KU             
190310 080015   9.6  -3 -0.02  7075074 OE7BFT        JN57
190310 080015  18.5   3  0.11  7075160 UR7UB         KO50
190310 080015   5.1  -6 -0.13  7075321 EA5RT         IM99
190310 080015  12.8  14 -0.09  7075445 EW4TT         KO23
190310 080015  56.3  12  0.06  7075518 HA1ZW         JN86
190310 080015  19.8  -1  0.21  7075835 M0XMX         IO92
190310 080015  16.7   6 -0.14  7076195 OE6MMF        JN77
190310 080015 488.3  20 -0.02  7076388 ON4UP         JO20
190310 080015  22.5   3 -0.11  7076493 IK8DNJ            
190310 080015  20.9   0 -0.03  7076741 PD0HLA        JO22
190310 080030  15.9 -10  0.47  7074256 RA3QLB        KO90
190310 080030  14.2  -3  0.49  7074327 DB3JK             
190310 080030   4.3 -14  0.65  7074415 R6AC              
190310 080030  21.5  10  0.53  7074605 M1BMW             
190310 080030   3.2  -9  0.00  7074689 IW0QOX            
190310 080030  29.6  -5  1.14  7074800 IW3AGO        JN56
190310 080030  17.4  -6  0.86  7074854 OE7WGT            
190310 080030  49.8  21 -0.05  7075076 OM5CM         JN98
190310 080030  11.6  14  0.73  7075664 DD7GU         JN39
190310 080030  16.6  15  0.07  7075706 HB9DGZ            
190310 080030  45.6   1 -0.17  7075834 IN3HBF        JN56
190310 080030  20.6   2 -0.97  7075907 HA1RB         JN86
190310 080030  71.6  10 -0.89  7076047 R3AT          KO85
190310 080030  17.1   8 -0.01  7076467 OH1EDK            
190310 080045  15.8   2  2.09  7074327 IZ5CPK            
190310 080045   2.5 -13 -0.03  7074415 R1BED/M           
190310 080045  67.1  13  0.02  7074756 LA6UL         JP22
190310 080045   4.9  -1  0.29  7074821 G4SBC             
190310 080045   8.9   8  0.00  7074904 M0ABG         JO02
190310 080045 103.4  13 -0.30  7074994 EA3KU             
190310 080045   5.4  -9 -0.02  7075074 OE7BFT        JN57
190310 080045  17.2  -2  0.09  7075160 UR7UB         KO50
190310 080045  15.8  16 -0.09  7075445 EW4TT             
190310 080045  90.9   8  0.06  7075518 HA1ZW         JN86
190310 080045   4.1   2  0.03  7075561 R2ANX             
190310 080045  15.2  14  0.20  7075783 DL5RDQ        JN59
190310 080045   2.9  -6  0.21  7075835 M0XMX             
190310 080045  13.2   7  0.12  7075979 RX3ZV         KO80
190310 080045  17.7   3 -0.26  7076195 OE6MMF        JN77
190310 080045 192.1  23 -0.01  7076387 ON4UP         JO20
