190310 080215   4.0 -13 -0.24 18100884 DL5YEE        JO42
190310 080215   6.3 -12  0.05 18101519 4S7AB         NJ07
190310 080245   3.8  -9 -0.16 18100999 R8OD          NO14
190310 080245   7.0 -10  0.05 18101520 4S7AB         NJ07
190310 080200  21.2   0  0.44 10136497 UN7MAU        LO51
190310 080200  86.6  11 -0.01 10136581 II1IGG            
190310 080200  52.5   9  0.02 10137101 F5UJQ         IN94
190310 080200   6.2   0  1.50 10137185 SV1NK         KM17
190310 080200  30.3   7  0.12 10137368 YO3IAI        KN34
190310 080200  16.3  -5  0.05 10137444 OE4KSF            
190310 080200   7.6 -10  0.01 10137669 SV2CXW        KN10
190310 080200   6.0 -11  0.19 10137956 JR7TEQ            
190310 080200 229.6  14  0.26 10138181 F6EXV             
190310 080200   1.9 -15  0.05 10138438 DK0MA         JO31
190310 080200   4.5 -11  0.13 10138589 EA9ACF        IM75
190310 080215  42.6  15 -1.40 10137000 UT3SO         KN18
190310 080215   1.9 -10 -0.01 10137364 IK3GEP        JN65
190310 080215   8.4  -3  0.03 10137445 F4GYE             
190310 080215   2.2 -12 -0.24 10137591 SP6IXF        JO81
190310 080215   9.9  -1  0.07 10137732 IS0KNG        JM49
190310 080230  15.0  -5  0.44 10136497 UN7MAU            
190310 080230 111.3   8 -0.01 10136581 II1IGG            
190310 080230  90.5   1  0.02 10136653 EA8JK         IL18
190310 080230  16.9   1  0.21 10136752 EA7GXD        IM76
190310 080230  54.8  12  0.02 10137101 F5UJQ         IN94
190310 080230   4.3  -5  1.40 10137185 SV1NK         KM17
190310 080230  70.7  15 -0.07 10137406 HA0HH         KN07
190310 080230  15.0  -7  0.01 10137591 IK8YBE        JN70
190310 080230  34.1  -4  0.01 10137669 SV2CXW        KN10
190310 080230   4.0 -14  0.19 10137957 JR7TEQ            
190310 080230  23.7  17  0.28 10138181 F6EXV             
190310 080230   1.7 -14  0.07 10138290 OZ1FHU        JO55
190310 080245   4.3  -7 -0.12 10137506 RZ9U              
190310 080245  26.8  -1  0.05 10136753 F4GYE         JN07
190310 080245  61.6  12 -1.42 10136999 UT3SO             
190310 080245   1.8 -10 -0.87 10137339 R3LBT             
190310 080245   2.7 -10 -0.01 10137364 IK3GEP        JN65
190310 080245   5.0 -10 -0.22 10137591 SP6IXF            
190310 080245   2.3   1  0.08 10137732 IS0KNG        JM49
190310 080245   3.6  -9 -0.17 10137809 G0JHC             
190310 080245   8.8  -3 -0.07 10137876 UR5FQB        KN56
190310 080245   7.9  -6 -0.05 10138012 OM5CD         JN88
190310 080200   4.4  -9  0.19  7074635 E70R          JN84
190310 080200  15.4   0  0.00  7074689 IW0QOX            
190310 080200  35.4   3  1.16  7074800 IW3AGO            
190310 080200  11.5  -2  0.88  7074854 OE7WGT            
190310 080200 221.9  23 -0.03  7075076 OM5CM             
190310 080200   3.9  -1  0.54  7075161 R2AUK         KO85
190310 080200  24.3   6  0.01  7075296 DL1SL         JN48
190310 080200   4.5  -9  0.28  7075560 R2ANX         KO85
190310 080200   9.4  -3 -0.01  7075794 RX3DPK        KO85
190310 080200  18.0  -2 -0.95  7075907 HA1RB             
190310 080200  25.1  13 -0.88  7076047 R3AT          KO85
190310 080200  29.8  18  0.06  7076195 UB1WBQ            
190310 080200  22.5   7 -0.44  7076272 DC1VKR        JN39
190310 080200  21.5   2  0.02  7076467 OH1EDK            
190310 080215  17.7  -2  2.12  7074327 IZ5CPK        JN44
190310 080215  21.0   4 -0.08  7074449 HB9STJ            
190310 080215  26.6   8  0.31  7074821 G4SBC             
190310 080215  49.0  15 -0.01  7074903 M0ABG             
190310 080215  45.6  15 -0.27  7074994 EA3KU         JN00
190310 080215  10.0  -1  0.16  7075160 UR7UB             
190310 080215  13.7   4 -0.16  7075333 IN3HBF        JN56
190310 080215  15.4 -11 -0.06  7075435 EA5RT         IM99
190310 080215  45.3   4  0.07  7075518 HA1ZW             
190310 080215  26.4  16  0.21  7075783 DL5RDQ            
190310 080215  18.4   8  0.05  7075979 RX3ZV             
190310 080215  41.0  22  0.00  7076387 ON4UP         JO20
190310 080230   7.4  -7  0.26  7074603 F4GAJ         IN99
190310 080230  32.0   6  0.56  7074732 M1BMW         IO92
190310 080230  15.2   1  1.16  7074800 IW3AGO            
190310 080230 328.3  23 -0.03  7075076 OM5CM         JN98
190310 080230  67.0   8  0.09  7075213 HB9CXK        JN47
190310 080230  26.9   1  0.01  7075296 DL1SL         JN48
190310 080230   4.3  -9 -0.24  7075435 DL1FYV        JN59
190310 080230   9.8 -10 -0.39  7075488 RA3AL         KO85
190310 080230   7.0  15 -0.06  7075688 EW4TT         KO23
190310 080230   4.0  -7  0.00  7075794 RX3DPK        KO85
190310 080230   8.5  -9 -0.94  7075907 HA1RB             
190310 080230   6.5 -11  0.12  7075946 EA2DUS            
190310 080230  20.5   7 -0.88  7076047 R3AT          KO85
190310 080230  24.8  10  0.06  7076195 UB1WBQ            
190310 080230  53.1   5 -0.39  7076272 DC1VKR        JN39
190310 080230  32.5  -1 -0.33  7076387 OK5CW         JN89
190310 080230  14.0   3  0.03  7076467 OH1EDK            
190310 080245  11.5  -3  2.11  7074327 IZ5CPK        JN44
190310 080245   4.7  -9  0.10  7074635 DG3KBQ            
190310 080245  23.9   4  0.31  7074821 G4SBC             
190310 080245  37.0   7 -0.03  7074995 EA3KU         JN00
190310 080245  30.4  -3  0.15  7075160 UR7UB             
190310 080245  30.2   0  0.07  7075274 PD9MK         JO21
190310 080245  17.6  -3 -0.17  7075333 IN3HBF            
190310 080245  32.1  14  0.23  7075783 DL5RDQ            
190310 080245   7.7  -2 -0.26  7076196 OE6MMF        JN77
190310 080245  78.8  24 -0.01  7076387 ON4UP             
190310 080200  33.1  -4  0.14 14074387 IU7GTP        JM99
190310 080200  18.1  -8  0.01 14074463 IU8LMN        JN70
190310 080200 184.3  14  0.53 14074743 RA6ALF            
190310 080200   2.5 -12  0.19 14074817 RV9XQ         MP27
190310 080200   6.2  -9 -0.02 14074884 IT9NKT            
190310 080200  25.8   6 -0.36 14075019 EA7TG         IM87
190310 080200   9.4   3 -0.03 14075080 RW6B          KN93
190310 080200  17.2  18 -0.04 14075157 RA6FC             
190310 080200  21.0   3  0.31 14075240 US2MA             
190310 080200   8.0 -11 -0.13 14075488 JG4QFG            
190310 080200   4.8 -15  0.74 14075632 JH0JVA            
190310 080200  26.9  -4  0.00 14075696 IZ6CLN            
190310 080200  12.0  -5  1.13 14075741 RV6AGB            
190310 080200  13.8  -7  0.07 14076312 IK8YBE            
190310 080200  19.0  -6  0.02 14076457 BA3MM             
190310 080200   4.8 -11 -0.58 14076787 EA6AJ         JM19
190310 080215  24.8  13  0.42 14074236 R0AX          NO56
190310 080215  20.7  -3 -0.12 14074462 JA1PFP            
190310 080215  21.3   3  0.08 14074937 SV1LJG        KM18
190310 080215  12.1  -7 -0.19 14075021 UB0AJK            
190310 080215  54.3   1 -0.01 14075156 Z36W              
190310 080215   3.1 -13  0.56 14075329 BD0AAI        NN33
190310 080215  17.8  19  0.31 14075801 RA9SCU        LO62
190310 080215   1.7 -11  0.12 14075887 YO9HP         KN35
190310 080215  25.7  17  0.06 14076130 RU4HD         LO43
190310 080215  15.7   6 -0.72 14076218 Z61DX             
190310 080215   8.1 -10  0.76 14076306 YO7FJK        KN24
190310 080215   7.0 -11 -0.05 14076391 LZ818PT           
190310 080215   4.7 -14  0.52 14076457 UD8D              
190310 080230  41.5   3  0.01 14074387 IU7GTP        JM99
190310 080230   3.9 -14  0.02 14074637 DL6MHW            
190310 080230  45.3  11  0.80 14074743 RA6ALF            
190310 080230   4.1 -13  0.19 14074817 RV9XQ         MP27
190310 080230   7.1  -9 -0.02 14074884 IT9NKT            
190310 080230  22.6   7 -0.36 14075019 EA7TG         IM87
190310 080230  10.3   5 -0.03 14075080 RW6B          KN93
190310 080230  13.2   1  0.31 14075240 US2MA             
190310 080230  25.2  -6  0.00 14075696 IZ6CLN        JN62
190310 080230  11.2  -8  0.02 14076457 BA3MM             
190310 080230   3.0 -11 -0.01 14076617 DL7VOG        JO62
190310 080245  16.2   7  0.19 14074236 R0AX          NO56
190310 080245  28.0  -4 -0.12 14074463 JA1PFP            
190310 080245   4.9 -11 -0.08 14074526 SP7AID        KO01
190310 080245  24.5  10  0.08 14074937 SV1LJG        KM18
190310 080245  11.6   3 -0.25 14074984 RV6LCY        LN08
190310 080245  42.2   2  0.38 14075213 R6FX          LN14
190310 080245 152.7  11 -1.27 14075484 CT4KG             
190310 080245 300.9  19  0.31 14075801 RA9SCU            
190310 080245   1.7  -9  0.09 14075887 YO9HP         KN35
190310 080245   1.9 -13  0.20 14075996 JH5MXB            
190310 080245  19.5  12  0.06 14076130 RU4HD         LO43
190310 080245  12.9  -1  0.86 14076218 Z61DX             
190310 080245   3.9 -13  0.71 14076306 YO7FJK        KN24
190310 080245   2.8 -15 -0.04 14076391 LZ818PT           
190310 080245  17.7  -5  0.38 14076457 UD8D              
190310 080245   4.5 -11  0.14 14076788 RA9UCN            
